# 1
246, Jessica Yau, 8.3, 1
105, 98
# 1
105, Michael Parry, 9.6, 3
105, 66
104, 79
103, 94
# 1
227, Donald Ostrye, 9.4, 3
101, 75
102, 86
102, 84
# 1
247, Chantell Monk, 7.5, 0
# 1
140, Shirley Staton, 8.1, 3
103, 76
104, 84
103, 89
# 1
375, William Katz, 8.1, 2
104, 95
105, 85
# 4
375, 104, 99
# 2
227, 8.5
# 3
105, 101, 83
# 5
375, 105
# 1
369, Virginia Kelleher, 9.0, 1
101, 79
# 1
380, Luis Hartman, 8.8, 2
103, 86
101, 60
# 1
282, Raymond Carlson, 9.3, 3
105, 74
103, 62
103, 76
# 1
121, Amy Clark, 8.6, 2
101, 77
105, 88
# 1
399, Gerald Bernardo, 7.7, 3
102, 84
105, 85
102, 88
# 4
375, 104, 74
# 3
140, 104, 85
# 2
380, 8.9
# 5
140, 103
# 1
389, Dorothy Brown, 9.0, 2
105, 72
105, 60
# 1
142, Helen Aragon, 8.0, 1
104, 62
# 1
218, Linette Groves, 9.4, 2
105, 87
104, 69
# 1
231, Nelia Boas, 8.1, 2
102, 93
102, 64
# 1
327, Gayle Boese, 7.5, 1
102, 85
# 2
218, 9.1
# 5
140, 104
# 4
399, 105, 75
# 3
105, 104, 61
# 1
270, John Cavazos, 9.6, 3
103, 60
102, 93
105, 67
# 1
162, Joshua Conner, 8.8, 1
103, 83
# 1
206, Amber Snell, 7.7, 0
# 1
180, Adah Hammond, 7.8, 0
# 1
204, Larry Odom, 7.9, 2
103, 62
101, 74
# 2
327, 8.8
# 4
162, 103, 100
# 5
218, 105
# 3
389, 104, 91
# 1
258, Joel Rathbun, 7.6, 1
102, 87
# 1
391, Esther Atkins, 7.0, 1
102, 66
# 1
187, Della Patterson, 7.9, 0
# 1
371, Luis Washington, 8.9, 0
# 1
118, Douglas Moore, 8.7, 0
# 2
258, 7.3
# 3
389, 103, 84
# 4
258, 102, 70
# 1
330, Kim Castle, 8.6, 0
# 1
217, William Kovach, 7.3, 0
# 1
351, Erika Janssen, 8.6, 3
101, 64
102, 93
103, 90
# 1
213, Rita Devilbiss, 9.1, 1
103, 98
# 1
146, Brandon Gray, 8.5, 2
105, 87
105, 86
# 3
217, 103, 70
# 2
142, 7.3
# 1
367, Mary Cole, 7.2, 0
# 1
356, Eleanor Turpin, 9.7, 0
# 1
259, Raymond Raines, 7.1, 1
103, 82
# 1
334, Janis Lach, 8.3, 2
103, 63
104, 74
# 1
177, Manuel Davis, 7.0, 1
102, 93
# 2
187, 7.5
# 5
140, 103
# 3
142, 103, 67
# 4
258, 102, 92
# 1
242, Sandra Penna, 7.6, 0
# 1
359, Brandee Levine, 9.3, 1
102, 99
# 1
188, Robert Baker, 7.5, 0
# 1
194, Marta Carpenter, 7.5, 0
# 1
374, Harry Neuhaus, 7.7, 0
# 5
258, 102
# 2
258, 9.0
# 3
177, 101, 92
# 1
182, Karen Renner, 7.5, 1
101, 100
# 1
322, Judy Heon, 8.0, 0
# 1
216, Joseph Steward, 9.6, 0
# 1
321, Tessa Alcorn, 8.3, 2
105, 86
102, 64
# 1
349, Shirley Strief, 8.0, 1
103, 87
# 2
369, 9.6
# 5
121, 103
# 3
121, 103, 75
# 1
183, Scarlett Hinderliter, 7.3, 1
105, 79
# 1
239, Judith Banks, 8.7, 3
102, 81
101, 100
103, 97
# 1
145, Ruth Domhoff, 8.9, 3
104, 98
105, 88
105, 68
# 1
132, Rafael Anderson, 7.9, 3
101, 76
105, 76
105, 65
# 1
379, Janice Sherrill, 9.7, 1
105, 84
# 3
187, 103, 94
# 2
188, 7.9
# 1
223, John Jacobson, 7.5, 3
105, 88
102, 70
105, 68
# 1
336, Joseph Martin, 9.7, 3
103, 63
104, 68
104, 70
# 1
332, Max Mclellan, 8.1, 2
105, 76
102, 94
# 1
355, David Thornton, 7.8, 3
104, 96
105, 83
104, 70
# 1
299, Justin Hartshorn, 7.8, 0
# 3
359, 102, 66
# 2
379, 9.4
# 4
146, 105, 100
# 1
294, Joseph Katz, 7.5, 1
103, 86
# 1
117, Diane Phillips, 8.3, 0
# 1
260, Peter Godfrey, 8.2, 2
102, 78
103, 66
# 1
190, Edmundo Ouellette, 9.2, 0
# 1
376, John Arnold, 8.0, 0
# 5
105, 104
# 3
217, 105, 79
# 2
282, 9.5
# 1
160, Fern Hunt, 8.1, 0
# 1
313, Roberto Schaaf, 7.2, 2
102, 100
104, 97
# 1
136, Douglas Sheldon, 8.5, 2
105, 74
105, 78
# 1
240, Timothy Martin, 7.2, 3
102, 69
102, 97
105, 75
# 1
196, Anne Lambert, 7.9, 0
# 3
218, 103, 77
# 2
334, 7.5
# 1
104, My Garrett, 8.8, 1
104, 91
# 1
352, Mildred Guenther, 7.6, 1
101, 64
# 1
370, Rita Magar, 8.2, 3
105, 70
104, 79
101, 64
# 1
394, Silvia Reveles, 8.8, 2
103, 64
102, 65
# 1
126, Jamie Watson, 9.1, 2
103, 66
104, 83
# 3
121, 104, 84
# 2
334, 7.8
# 4
187, 103, 83
# 5
231, 102
# 1
139, Joel Christenson, 8.1, 1
102, 66
# 1
228, Natasha Wolff, 9.1, 3
103, 78
103, 63
105, 100
# 1
157, Barry Berri, 7.9, 2
102, 64
105, 63
# 1
392, Dustin Pantoni, 9.2, 1
105, 78
# 1
305, Jeane Hardin, 8.7, 1
101, 68
# 3
183, 104, 90
# 4
389, 105, 71
# 2
370, 7.9
# 5
399, 102
# 1
333, Donald Fray, 8.9, 2
104, 84
102, 68
# 1
286, Charles Wyman, 8.8, 2
105, 91
103, 100
# 1
276, Rachel Mckellar, 7.7, 1
102, 87
# 1
222, Scott Canada, 8.6, 3
101, 62
104, 69
101, 60
# 1
251, Milton Crazier, 8.7, 3
101, 100
102, 90
105, 84
# 2
379, 7.8
# 3
246, 104, 97
# 5
157, 102
# 1
280, Sheryl Alcorn, 8.7, 0
# 1
151, Charles Burks, 8.1, 0
# 1
230, Manuel Walker, 8.6, 2
102, 63
104, 63
# 1
149, Ted Reeves, 8.0, 0
# 1
102, Lillie Hale, 7.6, 0
# 2
182, 9.0
# 5
121, 105
# 4
218, 103, 85
# 3
247, 104, 87
# 1
303, Katherine Hilton, 9.0, 2
104, 88
105, 78
# 1
195, Jacqueline Ward, 9.3, 2
102, 76
103, 97
# 1
319, Latrice Meres, 7.5, 3
103, 76
102, 79
104, 74
# 1
144, Raul Cooks, 9.4, 3
105, 65
104, 96
104, 65
# 1
344, Brenda Dye, 9.3, 3
102, 88
104, 60
102, 89
# 5
195, 102
# 3
299, 101, 81
# 2
118, 9.2
# 4
231, 102, 73
# 1
329, Richard Talty, 8.8, 3
105, 79
102, 100
102, 84
# 1
269, Ronnie Goldberg, 7.7, 3
104, 80
104, 65
104, 75
# 1
265, John Carlton, 7.9, 3
105, 74
102, 85
101, 77
# 1
275, Gail Roberge, 7.8, 3
104, 85
104, 92
101, 81
# 1
245, Roberto Gonzales, 8.8, 3
104, 75
101, 87
105, 74
# 2
259, 8.3
# 3
265, 105, 64
# 4
187, 103, 95
# 5
259, 103
# 1
197, John Mackey, 8.7, 2
105, 77
103, 65
# 1
312, Frankie Ayala, 9.1, 2
103, 74
102, 61
# 1
353, Carla Albers, 7.1, 1
104, 81
# 1
152, Gerald Ferretti, 7.7, 0
# 6
132
# 3
140, 104, 70
# 2
376, 9.4
# 5
370, 101
# 6
369
# 6
374
# 6
303
# 2
344, 7.9
# 3
223, 103, 83
# 5
247, 104
# 4
270, 103, 77
# 6
139
# 6
265
# 6
118
# 5
246, 104
# 2
280, 9.6
# 3
352, 102, 94
# 4
104, 104, 72
# 6
305
# 6
102
# 6
351
# 3
104, 105, 99
# 2
140, 7.9
# 5
359, 102
# 4
329, 102, 60
# 6
355
# 6
379
# 6
247
# 2
149, 7.9
# 5
227, 101
# 3
322, 105, 90
# 6
187
# 6
136
# 6
239
# 2
280, 8.6
# 3
217, 101, 91
# 4
282, 103, 95
# 6
259
# 6
286
# 6
333
# 3
294, 105, 75
# 4
246, 105, 84
# 2
392, 7.0
# 6
230
# 6
299
# 6
275
# 3
197, 102, 75
# 2
389, 8.7
# 6
258
# 6
349
# 6
204
# 2
294, 9.1
# 5
104, 104
# 3
227, 103, 93
# 4
240, 102, 85
# 6
280
# 6
218
# 6
329
# 3
140, 104, 65
# 2
376, 9.7
# 4
334, 103, 97
# 6
371
# 6
231
# 1
290, Kim Soto, 8.9, 3
105, 83
105, 84
101, 77
# 3
195, 103, 99
# 2
389, 9.6
# 5
332, 102
# 1
296, John Simmons, 7.8, 1
103, 100
# 1
173, Inge Zamora, 8.6, 3
102, 60
104, 94
103, 76
# 4
246, 105, 80
# 2
319, 8.2
# 5
223, 102
# 3
151, 102, 87
# 1
106, Carmen Silvernail, 9.6, 2
102, 72
101, 73
# 1
264, Deborah Mccampbell, 9.8, 2
103, 66
104, 75
# 2
269, 9.0
# 4
375, 104, 91
# 3
370, 105, 72
# 5
375, 104
# 1
262, Stephanie Hershenson, 8.5, 0
# 1
116, Jeanna Degrate, 9.1, 1
105, 77
# 5
197, 103
# 2
392, 8.9
# 4
352, 102, 69
# 3
356, 101, 60
# 1
221, Felix Margerum, 7.8, 1
101, 61
# 1
338, Gretchen Clark, 7.9, 0
# 2
228, 7.6
# 3
294, 104, 70
# 4
105, 103, 89
# 1
150, Pauline Bagley, 9.5, 1
102, 72
# 1
307, John Scott, 9.5, 3
103, 96
101, 88
105, 68
# 3
173, 103, 80
# 2
157, 9.1
# 5
240, 105
# 1
137, Shane Garcia, 7.7, 2
105, 91
104, 96
# 1
388, Meridith Jenkins, 7.8, 1
105, 86
# 2
140, 9.5
# 4
260, 103, 88
# 5
213, 103
# 3
296, 102, 71
# 1
298, Ralph Haley, 7.9, 0
# 1
122, Jules Adams, 9.2, 2
102, 97
102, 90
# 2
222, 9.5
# 3
183, 102, 96
# 4
105, 105, 80
# 1
233, Simone Nichols, 7.7, 0
# 1
308, Sarah Altamirano, 7.2, 0
# 5
336, 104
# 2
334, 7.1
# 3
213, 104, 70
# 4
126, 104, 96
# 1
317, Kevin Forte, 8.0, 2
101, 74
101, 63
# 1
361, Ward Parker, 9.5, 3
104, 74
104, 75
103, 62
# 2
356, 8.2
# 5
353, 104
# 4
197, 102, 68
# 3
282, 105, 60
# 1
278, Anthony Mincey, 9.4, 3
101, 96
104, 93
101, 69
# 7
200
# 8
300
# 9
250, 300
# 10
8.5
# 11
8
# 12
8.5, 9.5